1.000e+00  2.000e+00  3.000e+00  4.000e+00  5.000e+00 
1.000e+00  2.000e+00  3.000e+00  4.000e+00  5.000e+00 
2.000e+00  4.000e+00  2.950e+01  2.950e+01  1.000e+01 
2.000e+00  4.000e+00  6.000e+00  8.000e+00  1.000e+01 
2.950e+01  2.500e+01  2.950e+01  2.500e+01  5.200e+01 
5.200e+01  2.500e+01  5.200e+01  2.500e+01  5.200e+01 

1.000e+00  2.000e+00  3.000e+00  4.000e+00  5.000e+00 
1.000e+00  2.000e+00  3.000e+00  4.000e+00  5.000e+00 
2.000e+00  4.000e+00  1.814e+01  1.814e+01  1.000e+01 
2.000e+00  4.000e+00  6.000e+00  8.000e+00  1.000e+01 
1.814e+01  2.500e+01  1.814e+01  2.500e+01  5.200e+01 
5.200e+01  2.500e+01  5.200e+01  2.500e+01  5.200e+01 